# unix_time, cycles_done, cur_path, paths_total, pending_total, pending_favs, map_size, unique_crashes, unique_hangs, max_depth, execs_per_sec
1726473930, 0, 0, 1, 1, 1, 0.00%, 0, 0, 1, 400.00
1726473935, 4, 3, 5, 2, 2, 0.01%, 0, 0, 4, 8812.96
1726473940, 5, 2, 5, 0, 0, 0.01%, 0, 0, 4, 8782.12
1726473945, 7, 4, 5, 0, 0, 0.01%, 0, 0, 4, 8232.48
1726473950, 10, 2, 5, 0, 0, 0.01%, 0, 0, 4, 8410.41
1726473955, 12, 4, 5, 0, 0, 0.01%, 0, 0, 4, 7878.90
1726473960, 15, 2, 5, 0, 0, 0.01%, 1, 0, 4, 8528.17
1726473965, 17, 4, 5, 0, 0, 0.01%, 1, 0, 4, 8416.89
1726473970, 20, 1, 5, 0, 0, 0.01%, 1, 0, 4, 7753.27
