# unix_time, cycles_done, cur_path, paths_total, pending_total, pending_favs, map_size, unique_crashes, unique_hangs, max_depth, execs_per_sec
1629898815, 0, 0, 1, 1, 1, 0.00%, 0, 0, 1, 2666.67
1629898820, 4, 3, 5, 0, 0, 0.02%, 0, 0, 4, 4048.78
1629898825, 11, 4, 5, 0, 0, 0.02%, 0, 0, 4, 4298.10
1629898830, 18, 4, 5, 0, 0, 0.02%, 0, 0, 4, 4374.98
1629898835, 26, 1, 5, 0, 0, 0.02%, 1, 0, 4, 4626.53
1629898840, 33, 4, 5, 0, 0, 0.02%, 1, 0, 4, 4694.96
1629898845, 41, 4, 5, 0, 0, 0.02%, 1, 0, 4, 4644.45
1629898851, 49, 2, 5, 0, 0, 0.02%, 1, 0, 4, 4628.32
1629898856, 57, 0, 5, 0, 0, 0.02%, 1, 0, 4, 4685.60
1629898861, 64, 3, 5, 0, 0, 0.02%, 1, 0, 4, 4640.50
